  TEST OF NORTHWARD TRANSPORTS   0=LAND  1=ATLANTIC/ARCTIC   2=INDO-PACIFIC
  
  i=>1234567890123456789012345678901234567890123456789012345678901234567890123456789012345678901234567890
  82 0000000000000000000000000000000000000000000000000000000000000000000000000000000000000000000000000000
  81 0111111111111111111111111111111111111111111111111111111111111111111111111111111111111111111111111111
  80 0111111111111111111111111111111111111111111111111111111111111111111111111111111111111111111111111111
  79 0111111111111111111111111111111111111111111111111111111111111111111111111111111111111111111111111111
  78 0111111111111111111111111111111111111111111111111111111111111111111111111111111111111111111111111111
  77 0111111110000001111111111111111111111111111111111111100001111111111111111111111111111111111111111111
  76 0111111110000111111111111111111111111111111111111111111000011111111111111111111111111111111111111111
  75 0111111111111111111111111111111000011111111110000000000000000001111111111110000111111111111111111111
  74 0111111111111111111111111111100111111110000000000000000000000000000000011110000111111111111111111111
  73 0111111111111110011111111111111111111000000000000000000000000000000000000000000000000001111111111111
  72 0111111110000000000000011111100000000000000000000000000000000000000000000000000000000000000000000001
  71 0111111000000000000000000000000000000000000000000000000000000000000000000000000000000000000000000000
  70 0111111000000000000000000000000000000000000000000000000000000000000000000000000000000000000000000222
  69 0111100000099000000000000000000000000000000000000000000000000000000000000000000000000000000002222222
  68 0111100000099990000000000000000000000000000000000000000000000000000000000000000000000000022222222222
  67 0111199990099990000000000000000000000000000000000000000000000000000000000000022222222000022222222222
  66 0111100999999000000000000000000000000000000000000000000000000000000000000002222222222002222222222222
  65 0000000000000000000000000000000000000000000000000000000000000000000000000000000222222002222222222222
  64 0000000000000000000000000000000000000000000000000000000000000000000000000000000222222222222222222222
  63 0000000000000000000000000000099000000000000000000000000000000000000000000000000222222222222222222222
  62 0000000000000000000000000009999000000000000000000000000000000000000000000002222222222222222222222222
  61 0000099000000000099999900009900000000000000000000000000000000000000000000002200222222222222222222222
  60 0009999990099000099009900000099000000000000000000000000000000000000000022222222222222222222222222222
  59 0999999999999009900000000000099000000000000000000000000000000000000220022220022222222222222222222222
  58 0990000999999999900000000000000000000000000000000000000000000000000220022220022222222222222222222222
  57 0000000999999999999990000000000000000000000000000000000000000000000222200002222222222222222222222222
  56 0000000000099009999990000000000000000000000000000000000000000000000222200222222222222222222222222222
  55 0000000000000000000000000000000000000000000000000000000000000000000222222222222222222222222222222222
  54 0000000000000000000000000000000000000000000000000000000000000000000222222222222222222222222222222222
  53 0000000000000000000000000000000000000000000000000000000000000000022222222222222222222222222222222222
  52 0000000000000000000000000000000002222220000000000000000000000000022222222222222222222222222222222222
  51 0000000000000000000000000000000002222220000000000220000000000222222222222222222222222222222222222222
  50 0000000000000000000000000000000002222222200000022222200000000222222222222222222222222222222222222222
  49 0000000000000000000000000000000222222222200002222222200000022222200222222222222222222222222222222222
  48 0000000000000000000000000000022222222222200002222222222000000222200222222222222222222222222222222222
  47 0000000000000000000000000002222222222222222002222222222000000222222222222222222222222222222222222222
  46 0000000000000000000000000000022222222222222002222222200220022222222002222222222222222222222222222222
  45 0000000000000000000000000000022222222222222222222222200222222222222002222222222222222222222222222222
  44 0111100000000000000000000002222222222222222222222222222002222220022222222222222222222222222222222222
  43 0111111000000000000000000002222222222222222222222222200002222220022222222222222222222222222222222222
  42 0111111000000000000000000222222222222222222222222222222002222000022222222222222222222222222222222222
  41 0111111000000000000000000222222222222222222222222222222000022000000222200222222222222222222222222222
  40 0111111000000000000000022222222222222222222222222222222000022000000222222000000222222222222222222222
  39 0111111110000000000000022222222222222222222222222222222220022222222222222220000002222222222222222222
  38 0111111110000000000000022222222222222222222222222222222222200002222222222222200002222222222222222222
  37 0111111110000000000000022222222222222222222222222222222222222222222222222222200222222222222222222222
  36 0111111110000000000000022222222222222222222222222222222222222222222222200002200222222222222222222222
  35 0111111110000000000000022220022222222222222222222222222222222222222220000002200222222222222222222222
  34 0111111110000000000000022000022222222222222222222222222222222222222000000002200222222222222222222222
  33 0111111110000000000002222000022222222222222222222222222222222222222000000000000002222222222222222222
  32 0111111110000000000002222002222222222222222222222222222222222220000000000000000002222222222222222222
  31 0111111110000000000002222002222222222222222222222222222222222220000000000000000000022222222222222222
  30 0111111111100000000222222222222222222222222222222222222222222220000000000000000000022222222222222222
  29 0111111111100000000222222222222222222222222222222222222222222220000000000000000000022222222222222222
  28 0111111111100000000222222222222222222222222222222222222222222220000000000000000000022222222222222222
  27 0111111111100000022222222222222222222222222222222222222222222220000002222000000000022222222222222222
  26 0111111111111222222222222222222222222222222222222222222222222220022222222220000000022222222222222222
  25 0111111111111222222222222222222222222222222222222222222222222222222222222222200002222222222222222222
  24 0111111111111222222222222222222222222222222222222222222222222222222222222222222002222222222222200222
  23 0111111111111222222222222222222222222222222222222222222222222222222222222222222002222222222220022222
  22 0111111111111222222222222222222222222222222222222222222222222222222222222222222222222222222220022222
  21 0111111111111222222222222222222222222222222222222222222222222222222222222222222222222222222002222222
  20 0111111111111222222222222222222222222222222222222222222222222222222222222222222222222222222222222222
  19 0111111111111222222222222222222222222222222222222222222222222222222222222222222222222222222222222222
  18 0111111111111222222222222222222222222222222222222222222222222222222222222222222222222222222222222222
  17 0111111111111222222222222222222222222222222222222222222222222222222222222222222222222222222222222222
  16 0111111111111222222222222222222222222222222222222222222222222222222222222222222222222222222222222222
  15 0111111111111222222222222222222222222222222222222222222222222222222222222222222222222222222222222222
  14 0111111111111222222222222222222222222222222222222222222222222222222222222222222222222222222222222222
  13 0111111111111222222222222222222222222222222222222222222222222222222222222222222222222222222222222222
  12 0111111111111222222222222222200222222222222222222222222222222222222222222222222222222222222222222222
  11 0111111111111222222222200000000000000002222000000000000000000000000000000000000000022222222222222222
  10 0000000000000000000000000000000000000000000000000000000000000000000000000000000000000000022222222222
   9 0000000000000000000000000000000000000000000000000000000000000000000000000000000000000000000002222222
   8 0000000000000000000000000000000000000000000000000000000000000000000000000000000000000000022222222222
   7 0000000000000000000000000000000000000000000000000000000000000000000000000000000000000000022222222222
   6 0000000000000000000000000000000000000000000000000000000000000000000000000000000000000000000000000000
   5 0000000000000000000000000000000000000000000000000000000000000000000000000000000000000000000000000000
   4 0000000000000000000000000000000000000000000000000000000000000000000000000000000000000000000000000000
   3 0000000000000000000000000000000000000000000000000000000000000000000000000000000000000000000000000000
   2 0000000000000000000000000000000000000000000000000000000000000000000000000000000000000000000000000000
   1 0000000000000000000000000000000000000000000000000000000000000000000000000000000000000000000000000000
  i=>1234567890123456789012345678901234567890123456789012345678901234567890123456789012345678901234
  82 0000000000000000000000000000000000000000000000000000000000000000000000000000000000000000000000
  81 1111111111111111111111111111111111111111111111111111111111111111111111111111111111111111111110
  80 1111111111111111111111111111111111111111111111111111111111111111111111111111111111111111111110
  79 1111111111111111111111111111111111111111111111111111111111111111111111111111100001111111111110
  78 1111111111111111111111111111111111111111111111100000000000000000000000000000000000000001111110
  77 1111111111111111111111111111111111111111111000000000000111100000000000000000000000000111111110
  76 1111111111111111111111111111111111111111111111100000011110000000000000000000000000000111111110
  75 1111111111111111111111111111111110011111111111111111111111111110000000000000000000000111111110
  74 1111111111111111111111111110000000000000000111100000000111111111100000000000000000011111111110
  73 1111111110000001111111111111100000000000000000000000000000011111100000000000000001111111111110
  72 1111100000000000000000000000000000000000000000000009900000011111100000000000000111111111111110
  71 0002200000000000000000000000000000000000000000000999900000000111100000000001111111111001111110
  70 2222222000000000000000000000000000000000000000099999999000011111111000000111111111100111111110
  69 2222200000000000000000000000000000000000000009999999900111111111111000011111111111111111111110
  68 2222222000000222222000000000000000000000000009999999900001100111111111111111111111111111111110
  67 2222222220022222222222200000000000000000000009999999900000000111111111111111111111111111111000
  66 2222222002222222222222222000000000000000000000000990000000000001111111111111111111111111100000
  65 2222222222222222222222222000000000000000000000000000000000000000011111111111111111111111100000
  64 2222222222222222222222222000000000000000000000000000000000000110011111111111111111111111111000
  63 2222222222222222222222222220000000000000000000000000000000011110011111111111111111111111111000
  62 2222222222222222222222222220000000000000000000000000000000000111111111111111111111111111111110
  61 2222222222222222222222222220000000000000000000000000000001111111111111111111111111111111100110
  60 2222222222222222222222222220000000000000000000000000000001111111111111111111111111111111100000
  59 2222222222222222222222222222200000000000000000000000000111111111111111111111111111111111100000
  58 2222222222222222222222222222200000000000000000000000011111111111111111111111111111111111111000
  57 2222222222222222222222222222200000000000000000000000011111111111111111111111111111111111111000
  56 2222222222222222222222222222222000000000000000000001111111111111111111111111111111111111100000
  55 2222222222222222222222222222222220000000000000000001111111111111111111111111111111111111100000
  54 2222222222222222222222222222222220000000000111111001111111111111111111111111111111111110000000
  53 2222222222222222222222222222222220000000000111111111111111111111111111111111111111111110000000
  52 2222222222222222222222222222222222222000011111111111111111111111111111111111111111111000000000
  51 2222222222222222222222222222222222222000011110011110011111111111111111111111111111111000000000
  50 2222222222222222222222222222222222222220000110011111111111111111111111111111111111111000000000
  49 2222222222222222222222222222222222222222200000011111111111111111111111111111111111111000000000
  48 2222222222222222222222222222222222222222222220000111111111111111111111111111111111111000000000
  47 2222222222222222222222222222222222222222222222200111111111111111111111111111111111111000000000
  46 2222222222222222222222222222222222222222222222222001100000000111111111111111111111111110000000
  45 2222222222222222222222222222222222222222222222222220000000000001111111111111111111111110000000
  44 2222222222222222222222222222222222222222222222222222200000000000011111111111111111111111100000
  43 2222222222222222222222222222222222222222222222222222200000000000000111111111111111111111111110
  42 2222222222222222222222222222222222222222222222222220000000000000000111111111111111111111111110
  41 2222222222222222222222222222222222222222222222222220000000000000000001111111111111111111111110
  40 2222222222222222222222222222222222222222222222222220000000000000000000000111111111111111111110
  39 2222222222222222222222222222222222222222222222222220000000000000000000000001111111111111111110
  38 2222222222222222222222222222222222222222222222222220000000000000000000000001111111111111111110
  37 2222222222222222222222222222222222222222222222222222200000000000000000000001111111111111111110
  36 2222222222222222222222222222222222222222222222222222200000000000000000000111111111111111111110
  35 2222222222222222222222222222222222222222222222222222200000000000000000000111111111111111111110
  34 2222222222222222222222222222222222222222222222222222222000000000000000000111111111111111111110
  33 2222222222222222222222222222222222222222222222222222222220000000000000000111111111111111111110
  32 2222222222222222222222222222222222222222222222222222222220000000000000000111111111111111111110
  31 2222222222222222222222222222222222222222222222222222222220000000000000011111111111111111111110
  30 2222222222222222222222222222222222222222222222222222222220000000000001111111111111111111111110
  29 2222222222222222222222222222222222222222222222222222222000000000000001111111111111111111111110
  28 2222222222222222222222222222222222222222222222222222222000000000000111111111111111111111111110
  27 2222222222222222222222222222222222222222222222222222222000000000000111111111111111111111111110
  26 2222222222222222222222222222222222222222222222222222222000000000011111111111111111111111111110
  25 2222222222222222222222222222222222222222222222222222222000000001111111111111111111111111111110
  24 2222222222222222222222222222222222222222222222222222222000000111111111111111111111111111111110
  23 2222222222222222222222222222222222222222222222222222222000000111111111111111111111111111111110
  22 2222222222222222222222222222222222222222222222222222222000011111111111111111111111111111111110
  21 2222222222222222222222222222222222222222222222222222200000011111111111111111111111111111111110
  20 2222222222222222222222222222222222222222222222222222200000011111111111111111111111111111111110
  19 2222222222222222222222222222222222222222222222222222200001111111111111111111111111111111111110
  18 2222222222222222222222222222222222222222222222222222222001111111111111111111111111111111111110
  17 2222222222222222222222222222222222222222222222222222222000011111111111111111111111111111111110
  16 2222222222222222222222222222222222222222222222222222222111111111111111111111111111111111111110
  15 2222222222222222222222222222222222222222222222222222222111111111111111111111111111111111111110
  14 2222222222222222222222222222222222222222222222222222222111111111111111111111111111111111111110
  13 2222222222222222222222222222222222222222222222222222222111111001111111111111111111111111111110
  12 2222222222222222222222222222222222222222222222222222222111100111111111111111111111111111111110
  11 2222222222222222222222222222222222222222222222222222222110000111111111111111111111111111111110
  10 2222222222222222222222222222222222222222222222222222222000000111111111111111111111111111111000
   9 2222222222222222222222222222222222222220000222222222200000000001111111111111111111111110000000
   8 2222222222222222222220000000000000000000000000000000000000000001111111111111111111100000000000
   7 2222222222200000000000000000000000000000000000000000000000000000000111111111100000000000000000
   6 0000000000000000000000000000000000000000000000000000000000000000000000000000000000000000000000
   5 0000000000000000000000000000000000000000000000000000000000000000000000000000000000000000000000
   4 0000000000000000000000000000000000000000000000000000000000000000000000000000000000000000000000
   3 0000000000000000000000000000000000000000000000000000000000000000000000000000000000000000000000
   2 0000000000000000000000000000000000000000000000000000000000000000000000000000000000000000000000
   1 0000000000000000000000000000000000000000000000000000000000000000000000000000000000000000000000

 Vertical regional mask names & domains:
 domain for ver mask #   1=  dpt:   0m to  113m
 domain for ver mask #   2=  dpt: 113m to 1000m
 domain for ver mask #   3=  dpt:1000m to 5000m
   1  1  1  2  2  2  2  2  2  2  3  3  3  3  3  3  3  3
